This machine learning model has 95.45 percent accuracy.
It will now predict each star type for each row:
 [[0.51114781]
 [0.44999005]
 [0.18243555]
 [0.44362416]
 [0.00918417]
 [0.40155346]
 [0.37099032]
 [0.34804031]
 [0.3416796 ]
 [0.52003991]
  [1.20309691]
 [1.06288196]
 [0.88187261]
 [1.2297751 ]
 [1.06375183]
 [0.89973519]
 [0.68057177]
 [1.1890586 ]
 [0.84110787]
 [1.14057472]
 [1.74428594]
 [1.68011389]
 [1.61405157]
 [1.61896464]
 [1.57740701]
 [1.86883322]
 [1.65718181]
 [1.58347883]
 [1.82297313]
 [1.63316152]
 [3.63904656]
 [3.63738577]
 [3.34783917]
 [3.07353994]
 [2.78406489]
 [3.15898372]
 [3.12051684]
 [3.0541849 ]
 [2.85935604]
 [2.78666961]
 [3.50297356]
 [3.44299509]
 [3.41977962]
 [3.53756377]
 [3.40571478]
 [3.49338919]
 [3.48353309]
 [3.33193537]
 [3.51637685]
 [3.93351273]
 [4.781783  ]
 [4.39476367]
 [4.54369411]
 [4.75170122]
 [4.46148597]
 [4.97152432]
 [5.21978601]
 [4.85117658]
 [4.6457143 ]
 [5.03157348]
 [0.49706334]
 [0.40669968]
 [0.5149215 ]
 [0.40408977]
 [0.15824008]
 [0.38245869]
 [0.22829069]
 [0.46905884]
 [0.34932813]
 [0.08945136]
 [0.99784728]
 [1.27562771]
 [0.88313641]
 [1.04375678]
 [1.17748023]
 [1.06668719]
 [0.85005263]
 [1.05264698]
 [0.93276713]
 [0.78375927]
 [1.63188697]
 [1.89558497]
 [1.71068598]
 [1.50606857]
 [1.54173425]
 [1.68520863]
 [1.54683009]
 [1.66657749]
 [1.77456316]
 [1.64747159]
 [2.72801904]
 [2.26376934]
 [2.29913982]
 [2.4838141 ]
 [3.28308579]
 [3.7636893 ]
 [2.49639271]
 [3.1168356 ]
 [3.46816441]
 [3.59926969]
 [3.9799741 ]
 [3.96872885]
 [3.77337012]
 [3.97055442]
 [3.77403976]
 [3.84567254]
 [3.85075114]
 [3.85967012]
 [3.85106037]
 [3.84578871]
 [4.76433534]
 [4.67970004]
 [5.08510504]
 [4.92060392]
 [4.9389857 ]
 [4.83830072]
 [5.57419856]
 [4.44025496]
 [5.52551554]
 [4.8082392 ]
 [0.37861116]
 [0.02446769]
 [0.01428424]
 [0.40918631]
 [0.38371806]
 [0.06397376]
 [0.41428195]
 [0.43593637]
 [0.07286408]
 [0.26013381]
 [1.18015512]
 [1.24760165]
 [1.14182271]
 [0.89342885]
 [0.75220164]
 [0.68602776]
 [1.10865675]
 [0.74834198]
 [1.00680701]
 [0.73923241]
 [1.35064804]
 [1.62453998]
 [1.4640259 ]
 [1.57358256]
 [1.64237334]
 [1.57182913]
 [1.45765641]
 [1.78475445]
 [1.5794726 ]
 [1.66148264]
 [3.64766533]
 [3.45242415]
 [3.72987831]
 [3.51888728]
 [3.60599659]
 [3.62081178]
 [3.5827987 ]
 [3.53052355]
 [3.64607362]
 [3.61860787]
 [3.82793488]
 [3.86215881]
 [3.85602456]
 [3.94846104]
 [3.9984067 ]
 [3.95264614]
 [3.79328791]
 [3.79964601]
 [3.8586335 ]
 [3.85987598]
 [4.53553235]
 [4.53440113]
 [5.23254878]
 [5.38159367]
 [4.37426818]
 [4.56013223]
 [4.75071546]
 [5.51493008]
 [4.56511484]
 [4.91311084]
 [0.49963298]
 [0.22193567]
 [0.32767668]
 [0.35568548]
 [0.38879366]
 [0.40791499]
 [0.34168529]
 [0.44103828]
 [0.08689848]
 [0.48182192]
 [1.10350294]
 [1.19796966]
 [0.85135183]
 [0.92733893]
 [0.9813155 ]
 [0.82395449]
 [0.76598582]
 [0.66157436]
 [0.93682467]
 [0.68268082]
 [1.45256244]
 [1.57358363]
 [1.53409229]
 [1.44874039]
 [1.66275809]
 [1.64747229]
 [1.74811038]
 [1.79524367]
 [1.60670483]
 [1.61180009]
 [3.56633705]
 [3.46829677]
 [3.48537717]
 [3.42259418]
 [3.61856112]
 [3.58639856]
 [3.30988885]
 [3.49063443]
 [3.43215818]
 [3.55288675]
 [3.86325015]
 [4.0039273 ]
 [4.01500892]
 [3.91858849]
 [3.89104179]
 [4.01627701]
 [4.09420647]
 [3.96858784]
 [3.87153991]
 [4.14624633]
 [5.24610715]
 [5.08930261]
 [5.7431242 ]
 [5.03545515]
 [4.94654001]
 [5.19304591]
 [5.27981026]
 [5.84968864]
 [5.68790825]
 [5.17423946]]